1 7
2 9
2 13
2 38
2 41
3 44
4 20
4 42
5 6
5 12
5 19
5 35
6 23
7 8
7 22
7 29
10 40
11 24
11 27
11 39
13 65
14 53
15 47
15 48
16 48
17 48
17 56
18 48
21 37
21 48
25 26
26 80
30 37
31 39
32 48
33 40
33 51
34 36
41 43
45 90
46 50
48 55
48 57
49 68
50 52
52 54
64 65
64 66
64 115
67 68
68 69
68 83
68 112
69 71
69 89
69 98
70 77
71 99
73 110
74 90
74 113
75 75
75 94
76 80
76 104
76 106
78 79
78 81
78 84
78 85
81 107
82 86
83 109
87 88
92 93
96 114
96 117
96 119
101 110
102 104
102 118
103 105
104 108
109 110
114 117
114 120
118 121
